intrinsic matrix via OpenCv function:
[[532.82710711   0.         342.48678547]
 [  0.         532.94588592 233.85594816]
 [  0.           0.           1.        ]]
extrinsics :
rvecs:
[array([[ 0.19951409],
       [-0.42541743],
       [ 0.13305708]]), array([[-0.09367174],
       [ 0.48151231],
       [ 1.75273923]]), array([[-0.17325295],
       [-0.4685157 ],
       [ 1.34688743]]), array([[0.16637907],
       [0.27440615],
       [0.01309232]]), array([[-0.28001224],
       [ 0.18689495],
       [ 0.35483997]]), array([[ 0.41702592],
       [ 0.65494956],
       [-1.33660599]]), array([[-0.24158313],
       [ 0.34849023],
       [ 1.53043258]]), array([[0.40484003],
       [0.30590268],
       [1.64832325]]), array([[0.17461282],
       [0.34624932],
       [1.86814081]]), array([[ 0.46476463],
       [-0.28442294],
       [ 1.2390508 ]]), array([[-0.29490669],
       [ 0.42955596],
       [ 1.31246711]]), array([[-0.42158006],
       [-0.49716687],
       [ 1.33662043]]), array([[-0.11424219],
       [ 0.23777544],
       [-0.00242941]])]
tvecs:
[array([[-2.65652627],
       [-3.20373505],
       [11.05867838]]), array([[ 3.15631875],
       [-3.47702795],
       [12.60308561]]), array([[ 1.79572467],
       [-4.28599217],
       [12.43553817]]), array([[-3.01577468],
       [-4.30573652],
       [15.89898617]]), array([[-1.59829987],
       [-3.97582959],
       [12.66236223]]), array([[-2.33998354],
       [ 3.33323813],
       [14.09405854]]), array([[ 2.02484183],
       [-4.06280765],
       [12.8287538 ]]), array([[ 6.68518875],
       [-2.57716087],
       [13.36902369]]), array([[ 0.77613956],
       [-2.82161054],
       [15.49273412]]), array([[ 1.34452888],
       [-3.61685848],
       [11.5682396 ]]), array([[ 2.33579346],
       [-4.57146589],
       [12.63422237]]), array([[ 1.87175432],
       [-4.39580014],
       [13.45774237]]), array([[-3.94302511],
       [-2.65052922],
       [13.15827325]])]
distortion coefficients:
[[-2.80880910e-01  2.51716562e-02  1.21657346e-03 -1.35549404e-04
   1.63448912e-01]]