intrinsic matrix via Zhang's method:
[[529.2105069    0.         355.76413486]
 [  0.         532.37931406 231.65711033]
 [  0.           0.           1.        ]]
extrinsics :
[array([[[ 0.90227352],
        [ 0.08991382],
        [ 0.42168472],
        [ 0.        ]],

       [[-0.17242006],
        [ 0.98151934],
        [ 0.12629025],
        [ 0.        ]],

       [[-0.40253647],
        [-0.18665525],
        [ 0.90110185],
        [ 0.        ]],

       [[-2.97958093],
        [-3.19296137],
        [11.47653756],
        [ 1.        ]]]), array([[[-0.2348526 ],
        [ 0.90799134],
        [-0.34698124],
        [ 0.        ]],

       [[-0.95736472],
        [-0.15794205],
        [ 0.2555943 ],
        [ 0.        ]],

       [[ 0.17727448],
        [ 0.39221458],
        [ 0.90637198],
        [ 0.        ]],

       [[ 2.837503  ],
        [-3.40097567],
        [12.87917214],
        [ 1.        ]]]), array([[[ 0.1422804 ],
        [ 0.96739042],
        [ 0.20955205],
        [ 0.        ]],

       [[-0.89896953],
        [ 0.22645734],
        [-0.37738937],
        [ 0.        ]],

       [[-0.41253747],
        [-0.1346858 ],
        [ 0.90187496],
        [ 0.        ]],

       [[ 1.50387409],
        [-4.25392434],
        [12.7859841 ],
        [ 1.        ]]]), array([[[ 9.75664514e-01],
        [ 3.34400835e-02],
        [-2.16703752e-01],
        [ 0.00000000e+00]],

       [[ 7.40730867e-03],
        [ 9.92709631e-01],
        [ 8.37421853e-02],
        [ 0.00000000e+00]],

       [[ 2.17924247e-01],
        [-8.33094702e-02],
        [ 9.68303859e-01],
        [ 0.00000000e+00]],

       [[-3.43480474e+00],
        [-4.26305608e+00],
        [ 1.62341500e+01],
        [ 1.00000000e+00]]]), array([[[ 0.93843276],
        [ 0.31762959],
        [-0.13585066],
        [ 0.        ]],

       [[-0.36987319],
        [ 0.91305844],
        [-0.28676169],
        [ 0.        ]],

       [[ 0.03295559],
        [ 0.31935408],
        [ 0.97432662],
        [ 0.        ]],

       [[-1.89999622],
        [-3.97342151],
        [12.87107864],
        [ 1.        ]]]), array([[[ 0.11209548],
        [-0.74117415],
        [-0.66188782],
        [ 0.        ]],

       [[ 0.96452311],
        [ 0.19506554],
        [-0.05431068],
        [ 0.        ]],

       [[ 0.16936517],
        [-0.63231811],
        [ 0.73674556],
        [ 0.        ]],

       [[-2.6619133 ],
        [ 3.33393395],
        [14.03141207],
        [ 1.        ]]]), array([[[ 0.01538343],
        [ 0.9168736 ],
        [-0.39888114],
        [ 0.        ]],

       [[-0.99538146],
        [ 0.03287551],
        [ 0.070665  ],
        [ 0.        ]],

       [[ 0.07790429],
        [ 0.39595182],
        [ 0.91314472],
        [ 0.        ]],

       [[ 1.69226478],
        [-3.96868115],
        [13.01817085],
        [ 1.        ]]]), array([[[-0.09186111],
        [ 0.99073403],
        [ 0.10003809],
        [ 0.        ]],

       [[-0.91172562],
        [-0.11703489],
        [ 0.28328255],
        [ 0.        ]],

       [[ 0.29236561],
        [-0.06518464],
        [ 0.91402855],
        [ 0.        ]],

       [[ 6.38564536],
        [-2.50168339],
        [14.18453345],
        [ 1.        ]]]), array([[[-3.24327702e-01],
        [ 9.45938515e-01],
        [ 3.44481050e-03],
        [ 0.00000000e+00]],

       [[-9.21514270e-01],
        [-2.85435688e-01],
        [ 4.08097248e-01],
        [ 0.00000000e+00]],

       [[ 3.87018177e-01],
        [ 1.29182801e-01],
        [ 9.64270541e-01],
        [ 0.00000000e+00]],

       [[ 3.97863794e-01],
        [-2.74795863e+00],
        [ 1.54169647e+01],
        [ 1.00000000e+00]]]), array([[[ 0.29873178],
        [ 0.84177246],
        [ 0.44964257],
        [ 0.        ]],

       [[-0.96574611],
        [ 0.25368921],
        [ 0.17841237],
        [ 0.        ]],

       [[ 0.03611315],
        [-0.48753801],
        [ 0.88872351],
        [ 0.        ]],

       [[ 1.06753208],
        [-3.58454568],
        [11.86832518],
        [ 1.        ]]]), array([[[ 0.20876742],
        [ 0.8666847 ],
        [-0.45307151],
        [ 0.        ]],

       [[-0.9865685 ],
        [ 0.23757629],
        [-0.02397789],
        [ 0.        ]],

       [[ 0.08685777],
        [ 0.45199188],
        [ 0.90464201],
        [ 0.        ]],

       [[ 2.05323205],
        [-4.5394141 ],
        [13.05328631],
        [ 1.        ]]]), array([[[ 0.15623563],
        [ 0.98436674],
        [ 0.08131757],
        [ 0.        ]],

       [[-0.80598159],
        [ 0.18504839],
        [-0.56948692],
        [ 0.        ]],

       [[-0.57563167],
        [ 0.02343368],
        [ 0.82229262],
        [ 0.        ]],

       [[ 1.55460979],
        [-4.35220269],
        [13.85433776],
        [ 1.        ]]]), array([[[ 9.74738226e-01],
        [-1.45425705e-02],
        [-2.22876433e-01],
        [ 0.00000000e+00]],

       [[-5.19840694e-03],
        [ 9.91261833e-01],
        [-1.09360372e-01],
        [ 0.00000000e+00]],

       [[ 2.22519282e-01],
        [ 1.07756337e-01],
        [ 9.66145203e-01],
        [ 0.00000000e+00]],

       [[-4.27068891e+00],
        [-2.59961829e+00],
        [ 1.32783800e+01],
        [ 1.00000000e+00]]])]
distortion coefficients(k1,k2):
[-0.04765562  0.00049962]